1000001513461395461
10001268762438542722
10006081959102615092
10007675840242172254
10032659843134785598
10044105391926849915
10058296337105217697
10059303879707163450
10069179268610681762
10082755191516806243
10083451358360209397
10091017608029651482
10113787912958325627
10118098066413091266
10137718904671018683
10145877697390558374
10172073202421492291
10172342313961623988
10181731221820471954
10185338507949511682
10190747581487830579
10214411531504322007
10232287659356247818
10238927489810665583
10242768272616537142
10250152164188680433
1030422259894937930
10318933769126174269
10322273469031220768
10322846724463742300
1032893090620345855
10341104121923159061
10341464440935329667
10361667219804121203
10367099025779267453
10374915698012028269
10391290744684827454
10395228788228342352
10396476348891780690
10398525604630748644
10399745499173643668
10408862364476033147
1041588833441569584
10431388527669633188
10439408501371056961
10486621719173227316
1049198646499540153
10495285379784102040
10497154346327685950
10503343681315566431
10503781585781368858
10525388004972589973
10532100082738537999
10543103546168971522
10569144732015793226
10575618745256675572
10575951042997176722
10588869299014787634
10612143828498978491
10614134552684698750
10619483622978655841
10621302365068081394
10626425765746058283
10629545321230061118
10654102284150200892
10658730148257523174
10674915451999406499
1068727600077206907
10688352182722975607
10692023776864331938
1069405242199917169
10704394162826240241
10711958142684107853
10715375595394429381
10724494120332085148
10730168451482123869
10732472992096279559
10735021490256921147
10742658052006926325
10744556058943931306
10771827582308407368
10773734528449018516
1081637618648803446
10842546093259368949
10855832819981046708
10868507314662662090
10870924650797651088
10875933271417803006
10905186272835271554
10908678415744441025
10912843796784236563
10912861185748760160
10916865557289653972
10931605245516035917
10932246050849559208
1093571806653000049
1093647493657092781
10946294421698271395
10952781990030184451
1096846166210645349
10999195326485045847
1101449028201088183
11017863103438214800
11018430283296044228
11024442697133067855
11025083937167111101
11033992178359971119
11043008727459794884
11060578653291412544
11096433747577895600
11117993789480474962
11125758005727670312
11125940650281387033
1113185284852741964
11135948270233608573
1113643680694041872
11148404722161516069
11149735181615709214
11191611557277631733
11222472194332914289
11229777551254808682
11245314998909313721
11251198097861614367
11264761634856904059
1126605549018795697
11291853430184891554
11303293167034150140
1130760043691283847
1130945007929187108
11318361080565973090
11330001662783684972
11333808626381262235
1133558689903260790
11349624452962557296
11361783763338255814
11362534748588965519
11369953550114708660
11370583807466417235
11374945075827444036
11381250525623877741
11383442867951440157
11385740315823093723
11397408876883757204
11426276311772345332
11435991147538390558
11447162002603599001
1145417883798288197
11458889702142104910
11462486597467148412
11464282610563920649
11466962315711504341
11497708345913766035
11504817954138222380
11506256758454582786
11520098784012672762
11524165352567995436
11531430936034751005
1153542433656442419
11539930452617837277
115405654232357632
11552206843300112844
11556109888668211172
1157021780252340051
11617553358247603302
11621221806296942630
116295797051450362
11630999521328299599
1163313329159899510
11670434413650462246
11680044843503244087
11681018366229679099
11698349514481923849
11701214617700007922
11716907401302367805
11718910413372329185
1173666422157491559
11738355308792842187
1175763101536375270
11766816100602783386
11770592606447266416
11804744506372193512
11822296149943797919
11824853199977890147
11830475299832707511
11831353192776936606
11847946940169577448
11862734278059487838
11866013156400559472
11866224567524648882
11874564692702356738
1188219627201724707
11898747156025242876
11899115051272592756
11923730321918705355
11928019965977567672
1193646703774324210
11943077949495143051
1194647949353367902
11953321527079265251
11965156838648378
11968723238915797062
11970288220008983504
11973000803104221059
11976259477303228296
11976398460509749218
11976853420744640049
11977172228779953346
11977862508571658879
11982738217729480800
11989902426697599796
1199013592038467511
11996585796387742726
12000117974718522769
12001225860255844121
12003090024914526850
12026457241040221836
12040426227606160399
12047359954400911183
12049369144946179817
12053749104672034788
12076738198864548286
12083118888341678330
12096760338288540643
12096999729739311679
12102534435244327668
12115519578176484096
12118274943772700429
12119753004495012617
1212511526432237469
12130235544236764419
12135507313598884411
12138690240577987860
12141825606132537421
12142438989206169816
12150874634602140053
12162250490508939841
12172715774221452965
12173079378881037693
12187011902926686066
1219503501445904576
12197652119755659751
12200005652834565414
12204725909546601372
12237727711492508164
12241826936641670751
12251472519237404358
12291158400231322031
12302816976572317873
12320742292661393301
12325617024020827139
12340279338199880394
12362345692085900929
12364424865231540872
12371774254007962006
12378717128886719850
12388919542342446983
12395942914258649664
12401685078350053528
12411691737162375768
12418543236215673491
12426171067489165909
12432567177611992883
12437040013040952440
12465663694477214437
12480683840781194874
12487931941229229742
12488160171228660187
12493139704651580766
1249585926548363926
12499489889735698554
12504849727679050068
12513791450332302631
12517825249812215811
12522163584814150138
12542613991975302762
12543620466656597427
12552900449699015731
12554193437156496020
12574148688118170013
12576180140669899768
12583921118516215317
12587022921204992742
12601233590393224179
1261727087770747319
1264824252445162751
12650109781251499078
12654307899837162414
12656589172116577665
12664177981904138368
12670423235271044345
12673668451967749815
12676301700331088690
12677050095483456137
12687157531715791735
126987956536792556
12705301122649532031
12718763341113081623
12738447065611446770
12741462264912918825
12749990260999809934
1275674066878016080
12789732443908430865
12800060285893121251
12801153231848304858
12823474863645368173
1282989396263940515
12831293734700981181
12834006745407232948
12836109376911523810
12839227100837935502
12850555881126839981
12873259233927184793
12879591899556043315
12883519217851685487
12895887387614298584
12912353738790202728
12919037385516503807
12922522968881812969
12942623266154533839
12958927535570098997
12970333648484114774
1297532620274407428
129808102017817404
12987888054347006355
12988832308137916664
12998990592706270707
13021369101622657819
13025357248755964734
13027325047347000986
13029470582975507715
13029762210596869684
13031720494839817995
13045837206340842058
13054704196312685981
13058945589572285577
13063356956412565460
13068436464115242461
13074855768085445428
13077390470900995721
13087620273726570953
13101882708269825239
13116530398090722448
13124380275521398611
13132770290357185843
13146022949188286993
13149181525281678393
13151753541988213387
13153055486585754106
13157048788416491181
13189726209486340833
13194062058112754884
13194896571509684160
13205751389983211782
13209913473772968425
13212347297848764710
13214392006901068346
13215436586047224578
13217248289898084022
13235700736364279573
13237802524510602423
13238774137650671027
13261950082388527482
13263719621677454888
13270996423849485412
13277420283769780243
13279156304801822909
13281188216086031632
13285798606947733118
13297549831004709835
13319047700122068766
13329867236336065977
13336840238069626228
13342089803768766292
13354669750263205141
13361009187643180979
13377927587273434130
13384577690535939531
13387833611476017504
13420270445782419372
13423447174900070023
13429026558046657252
13453974162391876480
13461631971416534967
13463496325723696329
13471866709784820882
13474282057026944490
13493788685026011583
13496380465356456722
13499907491275498093
13517002013700323458
13521481356137606022
13524832822967083111
13536570805917717011
13537626055821478010
13540428742045793481
13544482401445896613
13546453566632792120
13552076067688033725
13567305053603651487
13574680390969348783
13586768196568306010
1359084229584841195
13592990546801892786
13608289946713478903
13621276551174487409
13622576703391219659
13640558315981215185
13650005028335944763
13657738615904108634
13663817121598301666
13694264942022105210
1369814931413188936
13700439918041435699
13703817308874180544
13706114155070575214
13708684426419921065
13713366053273730591
1371665898525009821
1371696644172502465
13734886979645451609
13736513035029529885
13742408201310972710
13746529382790841552
13767846223086348011
13781841314772584454
13787254280092461809
13822813917495237827
1383206934986383858
13833379587218702189
13833424819217454135
13838561334296869708
13842649213931213399
1385527633378263320
13873600176170309781
13877895658586149931
13893199081036635404
13899442268928891757
13904118938390313074
13904349835726330489
13932265597192108511
13934805276079308141
13935203811064576792
13937631017224776709
13961459839614640921
13964033053570298322
13971990653385184271
13986002108531009351
1400890282566436266
14039039007335932547
14040096531178335515
14062743440673797658
14068318922344201567
14075347341714329448
14102046924372220216
14104338658086556696
14107537338098056793
14112875759567782914
14114614553966755817
14124485110560265033
14126209943933662406
14141472250086343668
14143275256268466320
14151588549697854270
14174700802751314519
14176784283300643735
14187681723234636555
14197727066711591517
14205899065314401297
14222270709903835872
14231154945222756264
14260842819709826411
14262870175415507971
14265608245009634850
14276470446338632656
1427720909531000633
14285313254374442245
14338852768139706197
14356016866227362518
14359419474113046186
14370793534324882784
1437292122833305998
14378443483091142584
14381432072766068344
14384309989640692406
14393510899913786030
14411690848842678775
14413842899385668865
1442023723487032639
14428875500028257208
14435082518343618489
14436790601763493432
14437662905633266469
14445950147779712997
14452246480670538563
14455964094428996256
14465607880391050068
14475227133319051209
14477784959974859948
14481455891210543554
14484479640346314324
14508670277227368476
14508777483237951028
14518399426818237419
14529735985190213493
14535918388688851291
14539961113374004222
14542260979600074845
14544486147827275878
14562501575291435592
14564752149710922420
14569672213632367130
1457368275658168028
1457473889778223514
14576723639038811243
14589182788834005366
14590635213910247472
14598811205159277538
14600437349378279138
14611462162473438237
1461795869438005035
14639174378541903851
14640695031603563651
14648411274954477626
1465065357595524810
14669619441454567571
14684057101039980980
14686749110594086919
14694113428193854511
14703370072496986492
14705016420530402119
14705236474260282878
14713672549594082070
14723309473319907641
14738748016714572600
14782253101999079800
14783714437569468607
14807286319742322306
14813755704034194126
14814389932575160149
14816929963223977752
14845252808336343243
14848320991478701354
14848555399141416013
14852312002385028427
14860711440647919632
14872663826050766154
14903081150729212384
14908800801360607448
14933293136916604428
14934818955697214285
14939008661338770077
1494382957050655420
14951040786591011564
14956597777534904715
14959041682360662014
14962478241409085815
14974816007615919540
14974990620471281826
14975784689480870446
14996781505350320993
15002020326223399364
15005259267219566575
15020210365365607761
15026841567571089570
15044091724184426830
1505358945175150320
15056662726314800233
15061752459169818617
15082599754466688046
15103636810689407947
15107635297143345136
15112237059629281014
15116745385733853597
15121158345182772325
15121217546614247127
15124047962049704629
15126211400729138956
15130556623781941773
15133226682843203488
15135000206504433134
15150310528607131706
15163043424135608838
151752611351060258
15189474944754020144
15192404433030354210
15194270115225673076
15201072545586753605
15207269203638202113
15209940469499042765
15217737739369912723
15236124119455174279
15239001083785597324
1524223032069075073
15264206702975520312
15270313830026940129
15285162230221043903
15297549448530000815
15307454084449001166
15308386474416272698
15309548409118148727
15329883382676420474
15329944801882456977
15334423216694240966
1533495904949817470
15335152810649815416
15341175533937729587
15352050372665504147
15353476334867520682
15362180638994693311
15369566379925107240
15373382846811315336
15376129973976449820
15377764264499663214
15392518700001541710
15393759482803406089
15399065687164812927
154014050725009097
15410029113241227612
15423987773365020439
15425305928301329450
15428297371377702564
15439004452669517841
15442508187327414381
15490300438354260486
1549092899415883866
15503932304524491975
15506265045682954756
15508551324482011544
15508646238881892338
15512033462880574097
15512838996458716106
15513208589923045602
15517221365686752120
15518721641750303939
15525533310722812812
15538326148239520622
15551589852779274402
15558087569816739056
1556006701100587191
15562239567355487176
15565093250275701180
15569295216784340135
15573198800148604927
15573265820731455038
15574498285191858241
15577923036628648173
15595027143546770946
15597411791266304654
15609555400258492989
15624319809292485072
15625072841556105429
15649397711720222447
15654871678388580136
15657726457754898922
15676684554441834971
15688515791767936204
15696301934985666929
15712672147436398331
15724233074868850430
15727662535532029944
1574340688958134649
15753710604435715793
15764689263407284602
15773706151159341582
15780298670317417967
15781090385932211022
15797270488826209917
15800043553381893739
15810911704062198401
15832880162727226267
15839971951620018464
15841304218275531427
15841673531429164058
15843260307905670563
15847344752255464709
15848392854239693168
15861823825232757120
1587376559701230562
15884392729806142910
15889747449849451973
15890131504427006996
1589082679592322074
15893728635677651641
15896775473858928749
15925636499951807009
15935718943713522703
15961050945535304296
1597264585381135949
15973887235730391696
15982051708783634251
15982889722406276679
1599141642841906858
15999355184978275370
16001707777775747987
16005689400252492576
16012095629987700773
16014778760762709948
16018275505118905516
16032558481587264320
1603356351961325347
16038837625611368259
1604082386871059357
16053575840413203357
16062885191174928429
16063311126022521072
16071871583894918897
16079375788850281737
16093307505327587820
16095429461936069519
161021031094177291
16120881084571870497
16127489497684016578
16130538297312284233
16131531543607459027
16137901425914120753
16151801515246160976
16155215589479186302
16158410916986044220
16166642431442380800
16171895330210650978
16178758788315486097
16191183051606840786
16192313647400696854
16195189932878374908
16202986509611710953
16207988863329643861
16224682731530292122
16234350625604835924
16247313978219900468
16254138974282383082
16255577637034324664
16280177019680975411
16301401460838048024
16305548964974292966
16310322978860847296
16310756099211144655
16320630314678605715
16325400908326037217
16328638707314680161
16340620162310122245
16350456310738431534
16350891606239785638
16353383168458134471
16356297353966381184
1635912806530236524
16368422754868513021
16381657214794605703
16384251475620108736
16389216763179358486
16389793570726157870
16390739451770699998
16399604673285836182
16414604393496946594
16428710211093320919
16430783812400566240
16433330644686174545
16433533496235355898
16454554804104399249
16470910809978723242
16471153790682939051
16477464316636373755
16480140546348571661
16485196029554155874
16491973200462675596
16494869323700313015
16499213722594204446
1651635508193598030
16521973761249723270
16523136021288306624
16523138497693823335
16538174257797583291
16548936412235914382
16558769448349179060
1656906766409964850
16574004634754541074
16584896947651273100
16585688127719419135
16589788373555810832
16593080146527949694
1660095609503909180
16607620310679400388
16609830298575277837
16612679073465676986
16641559433681999585
16644853221067138922
16646865513789042973
16653612197669820822
16680839701826478661
16682097940163225126
16684678049595668719
16686606000548712995
16687584717733678516
16692107144853127777
16692596998011250905
16700878095122172885
16711485659555368341
16723379495057831620
16726849808337128688
16749270455163436094
16775166783680137316
16780598495071467331
16786227512648166875
16800440498326653691
16807290585347936770
16841887833102132464
16843528372069704270
16850492753152771093
16857940209036096160
16871375586618780708
16889266106762781688
16895788645621924044
16903726093289415284
16912537223027885777
16921896631699844379
16922947644445301035
16934024000497677155
16935400603920867463
16935782556353956882
16957635563706473725
16959863472099422843
16961080211555035922
16963926614872733788
16968389773257336976
16978550923697979067
16984533609161947703
16997629446971901501
1700958888854576702
17010684021050650552
17019979644006298444
17023904915101465711
17042923492383458013
17053569676703198360
17057309585055369256
17068109801675907599
17084525753878427094
17084762950434863230
1708599749035724728
17109417262299766906
17111402338798102731
17118934816709137120
17125706143881948599
1712581995968824464
17137991788368243403
17151977753828886597
1715380886483390214
17170273125860602761
17183335266018069618
17185174038443270950
17191595828434513608
17192492070547389868
17201803408599750273
1720395815224630761
17212039530690296860
17238711535488425960
17244657347060633959
1729718912464536233
17299080550352508253
17321136350531400089
17321649427312158385
17327472673881122885
17331512608474425481
17332470904820956524
17336296187988818357
17345933951102446069
17347837298741581885
17353901199345097572
17355629997941527769
17359721856583800676
17359761979688519236
17371543367989400701
17377656903712106173
17379777766569602235
17383766139967078068
17403840236194065249
17408432967286155695
17411384713226805556
17426496349240388342
17442100653871609341
1744887130876773677
1745062333183646676
17454151332386694426
17457397633666677576
1746182870970242883
1746279327456403774
1747863932339033249
17518236163223012301
17518695987790639029
17525516563543214207
17526951161255051710
17527596639466419828
17531381799693779861
17533987034506366803
17536460388342153181
17542206398031177162
17542335587796754627
17545807604295588822
17555621761257840133
17560208391181229453
17563407275825017369
17565251685707112239
17573150799956717707
17581361640789127869
17584799218083193077
17620557349722063479
17629376791859936225
17632659101134796960
17659694379038772682
17678176941257760984
17678911222519631178
17708832301290447220
1770895742249469826
17735395282738575809
17737950238897419248
17742670469438470262
17746362432822348119
17762923083385289585
17771365149276986174
17779215824294628397
17789063053219697548
17790524139954424543
17793039932720220882
17793591473323952287
17795136584207021321
17803540454476921613
17807743709414291758
17834826539470307426
1783633145099597301
17851169801554398118
17860455656876670676
17878974072063278707
17888997981155079720
17890632704814165761
17908143424460588597
17930103817996044885
17936693903500957279
17937528744649415395
17942162200537445802
17942421715417734141
17947238958092316976
17960555876214744151
17966881998780870994
17979725095427630141
17982268299337215908
17986393807601164675
17987534969582604086
18010893028520349807
18014849175721904597
18018156728220231230
18018967599423418262
18019694780334050219
18070956093041820469
18071899532391993866
18084634469131284057
18084722518574234399
18085375627448194628
18100878499019197927
18114144813530426412
1811429381757560388
18120907882430308769
18128283197529420666
1815099264974731205
18158123421535261533
18172923419753548835
18176037310820199595
18177404657393706112
18209036074842776893
18209037171633264754
18213630045367942953
18217697327716373539
18222223357941223261
18251087945879448235
18253701487138382044
18253714611321525200
18258920185190138640
18260959357488426005
18265115092021334519
18287278120534559215
18289185960607314824
18302657019266112297
18307388815017425856
18311282679398706075
18323401046237268964
18335697147470663555
1834048896568744045
18343235832793923957
18349551139896264237
18362270209494691402
18369723180019324595
18372293592228499623
18376541765451941019
18377525460939703928
18378396699444127069
18385416554847745495
18431724461077434078
18432429834789636640
1843788420811617477
18443649406071277013
1847228165903572787
1851045613938585483
1866112949867683585
1875434969905145213
1876347084780042657
1889283647694393818
1901537608228154204
1907452413323258089
1936425043999089413
1939054003896404965
1940752618278438633
1941481728217993072
1968150607357509868
1977440583518685016
1990106510695234183
1998413527303323748
201131251435096455
2017103711071808646
2030200209007223408
2036814397547863878
2052307687913642100
2054766892029824751
2054900296644002639
2073065996146883246
207506369721370093
2083743623632405794
208929672004966976
2091051566587390954
2094603938750907179
2099043028646755714
2105812911612415854
2110223547139835857
2128052804240723228
2129510274189688391
2143534479448868077
2144420014017989551
2157201730488657507
2186795915339968853
2193910073895828526
2197700805310536385
2200323709340140359
2202890867800190024
22036902085401058
2203818220776198213
2230595432961809099
2236968920853645858
2241125425727613084
2256517773988403774
2259534550079968873
2266071446474769915
2281414662511166804
2288038157649420262
2299634859164528658
2309757704524584780
2316516387215049151
2323553262885946069
2332173935903259889
2332684853801835385
2350459422872513242
2355346049547641459
2360399131979222080
2367595676343701920
2368041450498190843
2386188389927778224
2394300695524740947
2413733276589263524
2423678643756662606
2439413628412516201
2460039151760805798
2465121872263931546
2480389299885641150
2483210422978349820
2489381450268032088
2496899260603871966
2497531352341508993
2516905242040021847
2529588930880059935
2539651369831215274
2540316473385869264
2543991767783102426
2546816704738748648
2552276840601615671
255566454776790157
256515768059237995
2573107656953230278
2574074312825372434
2577191389375060351
2601212637927115008
2603374049450643278
260444444164275591
2617951884434620336
2623827141388355499
2629104102195166099
2631554690819121065
2631828513124381661
2652292205019708350
2657556817006915954
2662458356497635632
2684466459802676280
2711163273492129343
2716003973776518367
2745982142256653258
2762562485954534780
2763237734834881848
2771463330665214394
2776219397906114706
277772176664123028
2782376121996842429
2785541774177426656
2787986598138749004
2802085745692153052
2802905851367548708
2812471750603209451
2812536059579071017
2831336975334412597
2835845656008682385
2841305580144564797
2841439399114445049
2843148172115158132
2843824870089996660
2852344863188678964
2859312768617889219
2862217722121133125
2866920858270377112
2880635759405549952
2882417529637581069
2885638667026377535
2893041977063265700
2896270524595660692
2900495650081600070
2917598637032450376
2957582490941171055
296036229264872813
2962655229276904911
2964382492297635996
2967337225624345625
2975230114956295084
297655244714903912
2976782553668184422
3011098021187131767
3025732778372607093
3029413343935316570
3034231203152267798
3039865222564916059
3043447319152430686
3062972977607389865
3069046473685914981
3071820996568856606
3074429915603325494
3079008562173364426
3088421700307523685
3090507926342932423
3108097862389168053
3111759608942115540
3113042199433474285
3113880872585799861
3115892758598054678
3116832936844263513
3125185071804804849
3133251254969279707
3143487509184728785
3147517665317821126
3172567579094332634
3188213769756066127
3192712439111778834
3230480383086100095
3233666937592189305
3255239152375668950
3262842330134021255
3270748090588609410
3276288249827262654
3276480112318812121
3297638440048973017
3304810303741295631
3306896893072546357
3319699165271334346
3342932315229903349
3353932129584157424
3363015789581725453
3379602728103012596
3384311248092937047
3394263345955675921
340070604641988786
3419319052487876123
3438137308263154831
3444076691851734264
347057425169922433
347948100705850779
3502307572372595714
3513223387453641112
3518242834918169271
3519572650203315986
3547228413904386906
356700396593032149
3574659852876149360
3575711545599639889
3578840859191358802
3580888680583118058
3582200770152533819
3607180658234053652
3607697186467615243
3609679731851192520
3612128065396581248
3620150422529040392
3631040589173651281
3639119066558952672
3646137758700694936
3648195174599114289
3660038527301911597
3661109549427932016
3661428812126888760
3670059228613157675
3679716168762515184
3691017486276634396
3702622011899659967
3704539058614313658
3706314911502505396
3707083095691208303
3709194077764878815
3725083657987437617
3725619322998684655
3741180724528753239
3743656638481924527
3746736676639576911
3750304523575885255
375514145980267331
3765805226936380745
3770759302150737095
3776168993027480113
3779868372460073954
3796806809721286542
3810867289518759091
3814116655214449278
3833081496502526504
3851908157851769838
3852061822785189528
3861364665698673861
3869384506358793117
3878983889386768553
3882412311100076546
3891363511952499921
3895034927373537048
3903470641085270659
3928852973419364828
3931779821972249249
3941555011302678807
3965427233727583453
3968139149772870623
3971659057932077785
3977914285554615566
4006359384907796092
4020273729790028929
4025552111346074790
4042194115870074214
4044386702690017558
4051098434486924231
4066184617982589326
4066774352682475479
407233991831463204
4096080517072833249
4108761824055786884
4131238956027316916
4134669611305121324
4138645804524267547
4164792024694485870
4168171008876441783
41708572089146122
4180905229309799291
4181312770227450234
4192701414795472324
4193838690006957838
4196460570682543422
4203109346468533932
4204046624191697430
4205080116359715400
4213724886141543639
421418710738390752
4230450397629472380
423600732968818321
4245380696573192467
4248175978032566639
4248321509780964596
4249706356824400953
427447353370193377
4282152172774102839
4283238109385985189
4286786420390339951
4314109922029741044
4322060951961545564
4330858231260659269
433263378466031632
4337095125569181775
4344941888475849955
4348476827912657019
4364958608467631310
4366525166500257980
4367041222637360322
4373553188025592875
4374949745921906253
4378141439049549960
4388449755512088872
4406014971514740484
4410032257394089601
4420684865425625036
4421205551971738174
4427047161692960639
4430850631254006464
443722502236934431
4441843662811134923
4445277198842207105
4453167420252235320
4461219453419202433
4481475269839529130
4489521892222825981
4520228291191184946
4536328016568584252
4550176214987771434
4556401158389847080
4564377006217197918
4569513219611908566
4570073152837604526
4576998646307154558
4580887485948463811
4595796055394333639
4600304900478256094
4608706049339672598
4613594399586563650
461419193707928490
4615724714950542247
4617231415178834832
464730527150533440
4667926461388583205
4670926236080749752
4682681287480745974
4684631353404939062
4696181628600197432
4702368178080393740
4710563076505574871
474228188638528746
4749531342406716004
476161898534753770
4764542478320276348
4772289635602632602
4773857633558348824
478175694342047775
4789823078439509479
4796686598512360152
4802208593791244314
4817404867586823462
4821415291076890366
4840202016527208542
4840494792445052527
4844088258943065387
4856140918935086234
485926737447584194
487274532935595001
4892492973400056710
4902284408323835280
4907211533021103443
491793575178807083
4936003305109548939
4951825476584958271
496123079329290738
496203796218845810
4969056449995936424
4991705934934890639
5002507505853570437
5006336951249177239
5027210580184195431
5032141616090764146
5035738950569607213
5036656832568991722
5042554425642172642
5049883863549888839
5052459701394263561
5055633356489100477
5068011015829459596
5086398210222420691
5095805459193369274
510255770517485363
510275516090811337
5128126058880590814
5135367448018582601
5142882939313963747
5151515775798438714
5152851659070393157
516546155760425224
5168160366365110788
5176746312191140475
5181879397464183008
5185305133802097763
5188755158350668156
519594235455687575
5218388140772162006
5225098865977301758
5228851204489839761
524618653194498777
524999977604927019
5257374884381776204
5263291761423144300
5265543393201760522
526849591746808745
5273192906001416739
5282469898730360698
5283221349949284183
5286950667126938268
5292664926006923351
5294830648262149455
5302665871348913307
5303811143509841266
5306566112361405243
5309186312165687890
5319238006154581590
5320456892994454146
5355332514290075676
5370584365411598708
5374998208888658090
5385555211673846927
5392848556833154914
5394789340183441591
5400222336394267634
5401010379169009501
541414690262782656
5437449059044389615
5448601990701361895
5459842603400965473
5468480107673908298
5473444519536818917
5488111095512120369
5498444691472970701
5499258419325625950
5521234130319632374
5526579784201701257
553095039292626588
5545787983593219303
5563048468144518401
5566654855545968733
5567851755632811840
5575775711178645475
5579547474091732200
5579762542321976580
5580889188014669967
5597196110810751842
5606558829376483186
5627119078767669420
5631584186760587357
5637941304499131227
5653588022124064068
5661639648589540345
5665161602362427993
5677912982714515280
5682870998740274025
5685828198006932738
5694857830356634749
5705828952421793688
570911958951325494
5713842251719253696
5717139802717130874
5717648458115600438
5727338248912870744
5735847216905376906
5747915348572480668
5767880182764839442
5770871082812067547
5778523974144939426
5786688878435785944
5788610274772523429
5802236542118186828
58154452794833133
5829162314346584216
5833748906066746573
5844300833585356750
585535757030802470
5856089771003369644
5858082461446872600
5866651401093818615
5871797451076453557
5876247102706299319
5891257078140582511
5891429319772372690
5916966721007127589
5929157006818509189
5931357582605026903
5939506156456980789
5949323205403617792
5949769001193474342
5958984721241024073
5961392460359416391
5965294585643711662
596701023874774240
5967033361454076968
5973999743429825972
5978915765406519211
6000019646159856036
6001103189019530805
6012750391082166644
6013540213018294729
6041076940002083291
6041971032885528631
6042449080971675240
6062063348641615570
6066777686512552909
6083026628104394216
6083499473020890794
6088688921795172015
6090751058700006898
6095327492827963890
6099989319808669116
6102427319780157293
6111863277184958107
613888704047478264
6140647693479775593
6145323458396256140
6146972010493125772
6148207452048601487
6166034259731128241
6167885375806267807
6168060459553055993
6177173073402032962
6192378720089308101
6192507568351283646
6214628668399769199
6214826398784640776
6225501738753703348
6231322512640226461
6235839691699708946
6241472998139073284
624560258312254579
6251504875911923581
6252582283384541471
6256730569497010515
6265338932134840557
6266128734061801403
6275080163898895198
6275947108354483226
6293389614969173732
630669867121157320
6311299256547876614
6331600433085574778
6332996638413827159
6344784723382399535
6352471929390618087
6352997025193308354
6355784687920542014
6355942437705444835
6366677939856169528
6379550161731641954
6399160508040805555
6403204181439856362
6417985537985111689
6437727366834906815
6443702771419104775
647492146031868284
6479431283354638572
6509664639795455664
6518298641363763666
6518364203071658219
6536815896012794427
6545483930235816760
6559033411858479649
6571606331959690611
6583421556851115673
6590519973504584287
6597401316669111944
661861420899419976
6618726299736831485
6619164703545141042
6624086522934884376
6624555266631695174
6628628254053806362
6641527446359563660
6643237277713892127
6649346797330896305
6664793087588048795
6678044575005222252
668521706669349581
6693190844150071547
670579345101795935
6716848678752834030
6746961648569143875
6762496865156737922
6779069278275367162
6789574105406837974
6795520867023910693
6801008653806316563
6801613155819457346
6802210434978517105
6804470349811580791
6820029270357802460
6841092946516948197
6851760646345706167
6873889880129668019
6883001681855142651
6896025123352952648
6905795522567722791
6908161002188342792
69086100800557421
6911068843041538113
6913367032156582907
6914378861617534625
6916494350331399499
6917190165350824316
6918474314506372997
6918704338468323271
6949213048722134085
6952130780073208776
6958699192234998865
6958788713785384641
6974183339080961773
6978833144273984841
7007983104540448563
701629580146354571
7017521127527293868
7022371848763368596
7026758189942678207
7030800861368435529
7052959617056690238
7056053070241857747
7075285740512291540
7076844446849015661
7077466398353692670
7080935207894067871
7084308749331665300
7088545747966027830
7089152765928196068
711936137491773891
7125999156586360074
7145593748734470627
715196344263030066
7176831704321555046
7184435267156355842
720202812793533667
7227798828682586911
7249527621067566905
7254139286108746841
7258928027888381075
7266555085382443125
7267362595823664044
7271027608164822971
7274150162701821042
7276198077721990356
7279626350388727789
7294015059755491745
7295808080729685266
730509552193540514
7310043566176026855
7312737768034889333
7325942196175837463
7331917235180220280
7335510524637860860
7337117115364228440
7337296588290978985
734359369470199986
7352520862305221558
7370686556632173294
7375239570780721932
7377573318998531782
7379744392880843197
7385244122053709348
738599834824029143
7388467580321484202
7400956812566838098
7402794895457852028
7406397904276928494
7418857844272223832
743112483813430165
7439660909991441624
7442793637964846473
744780174051234293
7455547402928972995
7457591357127826861
7461950041394529325
7465643785266855111
74708602276084096
7490904511446744990
749586401781237889
7511774891254404929
7531325354142526315
7534942642559080573
7535626892447347693
7536016665669512395
7536754677443569384
7538366184540842241
7562893726866693798
75669148027043969
7575394054398124598
7582178034596699130
7602943823001848011
7626619157308916965
7636862013149246957
7641113953215144624
7660213680431930069
7667044233245166503
7667574910775717676
7669462490802245781
767085962148624012
7680929032992223153
7697834153443418942
7707276405284808224
7708357785646459122
771037357533548371
7715442257696407320
7717030150844964146
7720717805720654733
773892000509644557
7745254822871166973
7747051930134410337
7748671054011165090
7750653092200782977
7753395267447269392
7756499312967357697
7778784774465220180
7779163074718696904
7796321798381241075
7817905311744720142
7817930353476307952
7822888640903941024
7823233597527883000
7823592357882591413
7830460139171344278
783663550439305791
784710586246668855
7861001301357663256
7866001024571594576
7870521103382911082
7877688815123200279
7880996742757583829
7903799325595542603
7913614972012845402
7915601708438851833
7938170480492936188
7938960268652055200
794119773235520308
7941371643977804725
7942270438491926204
7946088548960282070
7956594171490709110
7957778503611935962
79625138531482758
7981093254710973277
8001491518348096702
8004530333957016806
8012624693867436246
8020601346117378574
802255354170854188
8040826512158980550
8042202211381915401
8051279971815143779
806758401838917418
8068955609025357795
8069055574045993379
8084701747526148867
8091978787249585899
8096771251989282281
8099014662335554932
8103291112875916470
8127454769978023520
8158987312801497883
8173083734654950096
8185360387223594635
8190087634073143088
8193325460268006913
8195266393706602826
820183607090801655
8213465579409846113
8234168703137816661
8241876995082793252
8252980537669294435
8255437489038554182
8277090687806938765
828016161961734903
8280183399517067845
8287896897865078364
8294688469912251269
8304256297099204965
8312500895698320592
8317366791323690376
8326821299235092531
8332544087954360183
8335824613773209674
836667983306003283
8367137911042334787
8376924281604877747
8377083210237823808
8382300015753392290
8383188022187739804
8396852683329683878
8397055637827759428
8403411057397180624
8419558024579568135
8423320598993939410
8434556557688411730
8443667637667099794
8443797248207176396
844812007544896029
8448900756319593748
846778359340051829
8470701441794662733
8496553961909885668
8531201133169226205
8546377434221558431
8560571760818717108
8581979015934481657
8585115379596778925
8591856506112950659
8591973431758270385
8593070786281245508
8603746196536194788
8606454086648652471
8609925130691736229
8630580863311182252
8660205655054112244
8661883907133484566
8664518596857852639
8696951376732634400
8703528190598596209
8714683088823362913
8717802697937055431
8725869441789876355
8729443318073310144
8731947198448160644
8737828446953226062
8740880481170475166
8755396568636035488
8760965852174455307
8763959477579971157
8778623269101119801
8798631277413499511
8807656002648971481
8818195745570351428
8818257176042380740
8822087768500570980
8824763275800399302
8833907662458925453
8855187789534057835
8858403378792343963
8878667907115251193
8893285338141483846
8922235355513340145
8925160222074743818
8925385217415638108
8928934868810580518
8929417356521880564
8938803185811546326
8957759427197536723
8972432603627172680
8985251699329365310
8991995605717852302
8998031605920747124
900063063352155987
9000988429225129695
9011439793513146145
9013564151340348691
9018208942561355744
9034631849003111889
9045758135470157485
9050578115136618071
9053073964191883870
9069623748632378685
9091580538345564213
911296794011156979
9117689000658983711
9131679403930551351
9132641943330035477
9132652448614101877
9184220596985345858
9198934111268433018
9220972363025940920
9223695672711788776
9224875723827597348
9227153526075018748
9247666095693182141
9251412768056743754
925347308976352082
9253602671246080717
9257715767814384170
9264959017102669705
9272165451454395738
927977496207213629
9279788792775795880
928094852941913706
9282866560900627747
928763872847454441
9292373497515813870
929993169292258476
9309262155138549047
9320580642788362842
9326210795784168658
9351220048290527666
935130124498876682
9354708906161215994
9363080066208915853
9375568180664993048
9391651964406915582
9399781187589885690
9403010494133066128
9405521773125750668
9414581511889889065
9458908789486671001
9465470106079429721
9469559726455573665
9473362258906699682
9476034964427429561
9482875616641243014
9483334356459205880
9488581768184328875
9490781924261137432
9496913094846108591
9506858479244427895
9520546068346857603
9521643902315191119
9547928796684941993
9554590467064605894
9557120383434195337
957797282540564322
957899906623210075
9580630360073297566
9588276496480443980
958982019386985165
9592375084093969894
9609116417910338740
9610892208271737275
9627872879467755012
9630653629874593480
9649533472363643429
9653189225888053561
9655901871706570045
9663286696378802919
9669135589793797349
9670912454575500803
9675888458885128922
9680985808650274864
9696932626540281268
9700137745556638825
9719821645049029358
9722618948138642533
9728695346865901510
9731434877474106244
9732300259507907208
9750054673371166075
977779417163756634
9780895179416774155
9782109746039323950
9795822680569462008
9796504794855927817
9806496639976427552
9807748476783779243
9820671649432287919
9821035487923236624
9823669123469753584
9848348424650166462
9850404580537777749
9852336892283688776
9859331238484595030
9891900479044096845
9892282195566583267
9895976237968314501
9902793375101632522
9914601015778431998
9924755035860556680
9925156622953454677
9932601198086416023
9978428304287432861
9988860173322866981