17033305008628482045
17077054414810225489
17099263305603193130
17125753281032385177
17150825345296192382
17175004892183273716
17190187694474574933
1719636439229092051
14968889926232747767
14988695397993472806
15061317590416484984
15070515675266123367
15145826375647157563
15146222118701395590
15231703244292575300
15352901054205643112
15384366042872842249
15389250718048947655
15396353735406212507
15432224425213695669
15482883501307944327
1548598314341454974
15507836541095638708
15510358601681544120
15585702355134059240
15616582458374705883
15684501364657962496
15723492739443515963
15782080281151715723
15823856556130678098
15845574638278805855
15937534438479914859
15941853321454441605
1389937511364836420
13936015261607738152
13945847785842790970
13996378145177715802
14088581858105968421
14089577410077135949
14093990055330743942
1410635990688490850
14114236100695974619
14114627703997875946
14142211285297409095
14142721234251193028
14211621643489702314
14240042611980113281
14243158114815828569
14248962849100699592
1427230554226176785
14329286131918005924
14354837750375809070
14438731897942143594
14536361641950725464
14626999918063969458
14642773966496833940
14754483036841099508
14760905805007647693
9256835148933025964
9260352896090192479
9261263177448865868
9270729917560983805
9295705464591515296
9308264088874969377
9348612321936530836
9351763682035633209
9387330844579811992
9405386328069497431
9413829893843015875
9423124432957211917
9479756363457911854
9500114601175421099
9522498737245575504
9535737940910506679
9549516764750331291
9601706474387718596
9609247709727326421
9610284740140299491
9627796554007690284
964118746302405137
9668636119470468712
9695507649256293480
9699938291738782624
971689093697935952
9784459888296599155
9821124971643137658
9835161640031005207
9924588697867266992
9943284691778484678
9963767030855039157
13073837106413614182
13128012430791153239
13165939898326134639
131797132972134558
13185123404640920620
13212040515894023646
13278210315104946873
13290741457837610569
13291923549266002987
13354478652402076651
13444821199242330864
13451416516228766024
13464068924586738511
13519672042306795379
13630383738757367577
13663440026308415673
13744866314504391279
1214812032769604805
12170698220609737302
12194205599502368227
12210204893647245211
12267436520885452896
12300864172696037711
12343801994502918512
12358530507865273644
12394915370471157733
12398012652571468228
12400695166813569850
12476290401228547294
12565590423527426148
1260489808063128319
12689492350566109752
12706364088038705116
12706719825584495330
5958257576983216321
6020740855433932828
6032302649225423847
6071672102270291454
6085822461940138335
6093701619412366781
6145768910778992750
6153935568378718362
6193860529117554121
6197766423194655394
6246329376124242926
629471239964361873
6320071091143026878
6356362297186672671
6366390163039610956
6379373436619440723
6394005204320986372
6394260731293556156
6402408170149033303
6413218270908948924
6456016309406418712
6458377719899775267
6489816363740148401
6497187340245461298
6561542656381043049
6564526273011791291
6603762285817813465
6643108596457263431
6656433765364654847
6665305323500532787
6673805571409963443
6738482953863383747
6748058635050986977
6797513066775805050
6819106706711941588
6912585333687870771
6918968949425212360
6955968261225374700
6998224804152281413
702856192590394096
7046326810605194677
7086533447739134080
711361555258856873
7118572337336186722
7126291874332470929
7242601678836720375
7262941582312814348
7291331500620062471
7331011462353530130
735408219029162303
7393229313831165031
7418071942090175564
745486111405813729
7458215037589463572
7493726287003979616
7511036608810501522
7512613907215361269
7538931144782634286
7588861252477234465
7590411466873960569
7614477328813556463
7631350049221708789
7631739110754317023
7637614098035777408
765362415216461472
7657888391031006825
7727812320481517130
7730936817219681064
7732084062000181033
7747933864229192182
7788451958738495135
780793505107960774
7857817893099331227
7935267877324112900
7963866370932370709
7967938944331309445
7983309161299015356
8006108964580649940
8012145147819640739
8098336051252123695
8099910940822556248
8127513058195842139
8130160538335124467
8144136367349332342
8170199697191796354
8195819666926759150
8196687646912535419
8196779761670087631
8228211226878325225
8294627158958227756
8314419765487583661
8321421831239917193
8365176907021710954
837318838351772527
8449914301722364745
8513200527302360034
8552641798582317388
8553307800591857466
8584564276457317596
8688718276258166195
8719442109930816155
8796458767218492126
8812615747654646582
8873429673046423381
890469298161589155
8999014846655845363
9063694623945663021
9090208322748650109
9099981856416433896
9124824046235597877
9176286677348150396
2671500258553798349
2577112782762379393
3557671274420431311
3507298325286980014
17418608736489269999
